Improvements...

1 2 (3, 2) 3 (6, 11) 4 (10, 35)  => 35 (1 2 3 4)
1 2 (3, 2) 4 (7, 14) 3 (10, 35)  => 35 (1 2 4 3)
2 1 (3, 2) 3 4                   => 35 (2 1 3 4)
2 1 (3, 2) 4 3                   => 35 (2 1 3 4)
3 4 (7, 12) 1 (8, 19) 2 (10, 35) => 35 (3 4 1 2)
3 4 (7, 12) 2 (9, 26) 1 (10, 35) => 35 (3 4 2 1)
4 3 (7, 12) 1 2                  => 35 (4 3 1 2)
4 3 (7, 12) 2 1                  => 35 (4 3 2 1)

1 3 (4, 3) 2 (6, 11) 4 (10, 35)  => 35 (1 3 2 4)
1 3 4 2
2 4 1 3
2 4 3 1
3 1 2 4
3 1 4 2
4 2 1 3
4 2 3 1

1 4 (5, 4) 2 (7, 14) 3 (10, 35)  => 35 (1 4 2 3)
1 4 3 2
2 3 1 4
2 3 4 1
3 2 1 4
3 2 4 1
4 1 2 3
4 1 3 2